,problem_size,last_step,best_cost,convergence_error
0,100.0,100.0,-52.64518410980315,-0.4924016058654252
1,100.0,47.0,0.7859186336100856,-1.0076207951369178
2,100.0,100.0,-53.1116953362193,-0.48579070189659473
3,100.0,17.0,0.8379293722217661,-1.008107346982148
4,100.0,100.0,-52.751133475462666,-0.48909227911824715
5,100.0,12.0,0.8687062600568577,-1.0084655053982075
6,100.0,100.0,-53.249826376516374,-0.4837763544511104
7,100.0,17.0,0.8545752487150905,-1.0082865358079414
8,100.0,100.0,-52.751133475462666,-0.48909227911824715
9,100.0,12.0,0.8575120102561569,-1.0082968178929834
10,200.0,100.0,-53.08354758430432,-0.48524385952181837
11,200.0,100.0,0.821502696691472,-1.0080055086894717
12,200.0,100.0,0.8372479792768377,-1.0081337752608486
13,200.0,100.0,0.8174402616195279,-1.007943040350972
14,200.0,100.0,0.8116191778378284,-1.0078161523514975
15,200.0,100.0,0.827140942644599,-1.008037301551982
16,200.0,55.0,0.828520137997227,-1.007978914005115
17,200.0,100.0,-52.87526961230051,-0.4854825471901924
18,200.0,100.0,-53.18467092751866,-0.4818590722130211
19,200.0,5.0,0.8652648982968199,-1.008371830603533
20,500.0,100.0,0.8393314453480465,-1.0080961111940698
21,500.0,29.0,0.8352424240669052,-1.0081160233826296
22,500.0,100.0,0.8307525247162841,-1.0080137214174365
23,500.0,100.0,0.831158696249772,-1.0080418376191536
24,500.0,100.0,0.7702711004931648,-1.0074846991513278
25,500.0,30.0,0.8391210102054114,-1.0080907016371425
26,500.0,100.0,0.8233330969972905,-1.0079631332110361
27,500.0,100.0,0.8184992111580828,-1.007891868785523
28,500.0,100.0,0.8303394215142964,-1.0079964342874448
29,500.0,100.0,0.8343112425305592,-1.0080723399352471
30,1000.0,100.0,0.8196051892207813,-1.0079300521949281
31,1000.0,100.0,0.8299300621523436,-1.008029950026628
32,1000.0,100.0,0.8345847142025232,-1.008109632437337
33,1000.0,100.0,0.7892220974302132,-1.0076360819920656
34,1000.0,100.0,0.8226713334481812,-1.0079597185319404
35,1000.0,100.0,0.8145255797348754,-1.007853555519772
36,1000.0,100.0,0.8425375930170766,-1.0081519336098477
37,1000.0,100.0,0.8121476547297041,-1.0078306278591624
38,1000.0,100.0,0.8223081262845906,-1.0079190903448552
39,1000.0,100.0,0.838802794626149,-1.0080876334416418
40,5000.0,100.0,0.8019330237407378,-1.007732139642731
41,5000.0,100.0,0.813703964494722,-1.0078504060307176
42,5000.0,100.0,0.844633154219842,-1.0081438490521866
43,5000.0,100.0,0.8267035973661728,-1.0079709744688727
44,5000.0,100.0,0.7813512016174834,-1.0075256531534664
45,5000.0,100.0,0.8227916488495036,-1.0079380816660555
46,5000.0,100.0,0.8071015244131295,-1.0077819736909113
47,5000.0,100.0,0.8043753574284472,-1.0077556883239405
48,5000.0,100.0,0.8138447785392678,-1.0078256840160489
49,5000.0,100.0,0.8066206202844655,-1.007769037792645
